2
2
2100.0
42.0
28.0
16.0
60.0
0.0
-3.8
-3.5625
4.0
16.0
80.0
0.5
-1.0
-1.5
31.0
10.0
0.0
6.0
2.0
100.0
60.0
60.0
8.0
32.0
0.25
3.0
-1.0
-1.5
0.58334
36.0
15.0
0.5
-0.5
0.8
-0.5
0.5
0.0
24.0
80.0
30.0
3.0
5.0
6.0
0.70711
0.1875
-0.5
0.25
12.0
0.75
34.0
-32.0
1.0
4.0
48.0
58.0
96.0
100.0
125.0
126.0
168.0
1024.0
1080.0
1296.0
3136.0
18000.0
9000000.0
1.0
1.0
4.25
120.0
0.44444
0.66666
-2.0
0.125
0.125
-2.0
3.0
4.0
10.0
3.0
16.0
-0.5
12.0
0.333333
25.0
125.0
0.25
-1.5
-1.0
7.0
1.666666
1024.0
64.0
64.0
-15.0
4.0
0.3333333
1.0
2.0
2.8333333
3.0
5.333333