1.5
0.25
32.0
-1.0
4.25
-4.0
7.0
-12.0
12.0
80.0
24.0
12.0
4.8
0.125
189.0
0.25
11.2
15.0
27.0
80.0
0.05
216.0
-0.5
8.0
0.04
25.0
0.0
0.08333
-100.0
1.0
0.0
2.0
1.0
0.0
39.0
1.0
-15.5
0.53032
0.34657
1.0
-1.0
84.0
8.0
49.0
6.0
10.0
7.0
25.0
3.0
1.0
10.0
-6.0
6.0
0.25
1534.0
50.0
135.0
-9.0
4.0
3.0
1.3333
12.0
10.0
2.0
156.0
4.5
6.0
14.0
96.0
2.449
-0.5
2.0
1.0
2.0
32.0
3.4
14.0
6.0
2.0
12.0
4.32
9.6
80.0
30.0
1900.0
0.75
3.0
260.0
0.2
0.3125
36.86989
12.0
32.0
-1.0
1.0
1.0
1.0
2.0
12.0
0.0