-1.0
7980.0
182.0
840.0
28.0
0.0
0.0
-20.0
80.0
12.0
-1.5
1.0
2.0
-2.0
-3.0
9.0
9.0
10.0
75.0
50.0
80.0
80.0
12.0
12.0
25.0
6.0
1.0
1.0
0.0
0.0
3.75
27.0
0.5
0.5
1.0
22.0
9.0
1.0
0.0
0.25
2.0
0.2
-28.0
1.8
6.44
1456.0
762.0
1210.0
-68.2
27.0
12.5
4.0
3.0
8.0
16.0
48.0
75.0
168.0
80.0
22.5
18.84
7.2
225.0
15.0
12.25
50.0
10302.0
66.0
813.0
3876.0
2520.0
165.0
235.0
64800.0
5040.0
1249.24931
8.0
31.0
18.0
3.0
13.0
-0.875
4.5
11.0
0.5
3.0
2.0
113.0
7.5
120.0
45.0
76.0
40.0
217.0
10.0
0.5
0.55
6.0
0.3
-10.0
12.0
12.0