0.2
35.0
1.0
0.0
0.0
2.0
2.0
4.0
4.0
77.0
-2.58579
9.0
-19.0
1.5625
1.0
-1.0
2.0
3.0
1.0
3.0
3.0
0.625
64.0
3.0
7.0
4.0
2.0
2.0
5.0
9.0
10.0
1680.0
8.0
17.0
7.0
10.0
1.0
2.0
4.0
2.0
0.93333333
0.75
0.82
0.392
18.0
0.024
0.3333333333333
8.0
0.6666666666
0.9
0.75
0.4444444444
0.5
0.25
0.222222222
16.0
211.0
7.2
20.0
3.0
2.0
6.4
60.0
3.0
60.0
10.0
340.0
120.0
8.0
80.0
53.0
21.0
4.0
4.0
10.0
423.0
7.7
11.0
4.0
22.0
70.0
121.0
10.0